#Jump and run Build
#SECTOR <id> <index(number of walls before this sector)> <num walls in sector> <floorheight> <ceilingheigt> <sector light level> <tag>
{SECTORS}
1 10 0.0 15.0 0.0 0
2 8 -20.0 30.0 0.0 0
3 10 4.0 20.0 0.0 0
4 4 4.0 14.0 0.0 0
5 5 2.0 14.0 0.0 0
6 4 1.0 13.0 -10.0 2
7 4 0.0 30.0 10.0 1 
8 18 6.0 25.0 0.0 0
9 4 6.0 25.0 0.0 3
10 4 6.0 25.0 0.0 3
11 4 6.0 25.0 0.0 3
12 4 6.0 25.0 0.0 3


#WALL <x0> <y0> <x1> <y1> <portal?>
#SECTOR 1:
{WALLS}
10 20 10 40 0
10 40 20 50 0
20 50 30 50 0
30 50 40 40 6
40 40 40 20 2
40 20 30 10 0
30 10 20 10 0
20 10 10 20 0

20 40 20 20 0
30 40 30 20 0


#SECTOR 2:
40 20 40 40 1
40 40 60 40 0 
60 40 60 20 3
60 20 40 20 0

45 35 45 25 7
45 25 55 25 7
55 25 55 35 7 
55 35 45 35 7

#SECTOR 3:
60 20 60 40 2
60 40 70 50 0
70 50 100 50 0
100 50 150 50 4
150 50 200 50 0
200 50 200 40 0
200 40 200 20 8
200 20 200 10 0
200 10 70 10 0
70 10 60 20 0

#SECTOR 4:
100 50 120 100 0
120 100 130 100 5
130 100 150 50 0
150 50 100 50 3

#SECTOR 5:
130 100 120 100 4
120 100 110 120 0
110 120 100 150 6
100 150 200 130 0
200 130 130 100 0

#SECTOR 6:
100 150 110 120 5
110 120 40 40 0
40 40 30 50 1
30 50 100 150 0

#SECTOR 7:
45 35 55 35 2
55 35 55 25 2
55 25 45 25 2
45 25 45 35 2

#SECTOR 8:
200 40 210 50 0
210 50 270 50 0
270 50 270 10 0
270 10 210 10 0
210 10 200 20 0
200 20 200 40 3

230 40 230 20 9
230 20 240 20 9
240 40 230 40 9

240 20 250 20 10
250 20 250 40 10
250 40 240 40 10

250 20 260 20 11
260 20 260 40 11
260 40 250 40 11

260 20 270 20 12
270 20 270 40 12
270 40 260 40 12



#SECTOR 9:
230 40 240 40 8
240 40 240 20 10
240 20 230 20 8
230 20 230 40 8


#SECTOR 10:
240 20 240 40 9
240 40 250 40 8
250 40 250 20 11
250 20 240 20 8

#SECTOR 11:
250 20 250 40 10
250 40 260 40 8
260 40 260 20 12
260 20 250 20 8

#SECTOR 12:
260 20 260 40 11
260 40 270 40 8
270 40 270 20 8 ###
270 20 260 20 8



{END}