#SECTOR <id> <index(number of walls before this sector)> <num walls in sector> <floorheight> <ceilingheigt>
{SECTORS}
1 0 8 0.0 10.0
2 8 4 2.0 14.0 
3 12 8 4.0 14.0
4 20 4 4.0 14.0

5 24 5 2.0 14.0
6 29 4 1.0 13.0


#WALL <x0> <y0> <x1> <y1> <portal?>
#SECTOR 1:
{WALLS}
10 20 10 40 0
10 40 20 50 0
20 50 30 50 0
30 50 40 40 6
40 40 40 20 2
40 20 30 10 0
30 10 20 10 0
20 10 10 20 0

40 20 40 40 1
40 40 60 40 0 
60 40 60 20 3
60 20 40 20 0

60 20 60 40 2
60 40 70 50 0
70 50 100 50 0
100 50 150 50 4
150 50 200 50 0 
200 50 200 10 0
200 10 70 10 0
70 10 60 20 0

100 50 120 100 0
120 100 130 100 5
130 100 150 50 0
150 50 100 50 3

130 100 120 100 4
120 100 110 120 0
110 120 100 150 6
100 150 200 130 0
200 130 130 100 0

100 150 110 120 5
110 120 40 40 0
40 40 30 50 1
30 50 100 150 0


{END}